5 17
35 57
35 817
51 196
70 75
70 140
92 5643
145 570
176 20651
210 215
287 1139
287 3438
287 54913
330 8070
425 7532
425 120417
477 1903
590 232067
715 1002
715 2862
715 13642
782 407683
852 53774
852 145778
925 1576
925 22826
1001 1146
1001 4016
1001 13651
1001 41756
1001 668001
1162 14089
1247 64798
1335 5365
1426 2761
1426 21206
1520 4402
1617 4118
1617 12159
1617 193684
1717 6909
1820 8722
1820 13130
1820 45085
2035 2152
2035 7052
2035 22862
2035 110442
2147 8648
2147 192073
2262 6138
2380 3542
2380 13175
2380 151060
2501 260631
2625 10582
2625 31955
2625 510420
3015 5162
3015 74847
3151 12711
3290 5110
3290 147285
3432 7619
3725 15035
3725 578157
3876 4301
3876 5211
4030 4147
4030 169200
4030 433100
4187 730463
4347 17554
4510 8697
4510 112112
4510 211900
4510 542412
4676 57036
4676 297501
4845 5697
4845 6992
4845 69637
5017 20268
5735 16530
5735 23177
5922 6454
6305 10815
6305 156880
6501 26281
6700 7076
6902 648149
7107 233894
7315 7337
7315 8240
7315 19152
7315 29580
7315 89332
7315 294862
7740 493097
8177 17499
8177 33074
8177 263824
8400 8401
8400 209151
8626 775106
8855 18415
8855 66970
9087 36763
9087 382339
9322 17948
9322 905229
10045 40647
10045 55372
10045 168320
10292 73843
10292 275943
10542 128843
10795 18535
10795 194370
10795 268925
11051 44726
11310 11322
11310 56637
11572 737848
11837 18338
11837 119439
11837 258888
12105 49000
12376 12521
12376 100101
12376 353431
12650 13026
12650 16680
12650 36401
12650 67276
12650 170925
13207 53469
13490 76425
13490 336202
13776 287056
14065 14847
14065 157132
14065 329857
14357 58133
14357 175569
14950 17832
14950 36851
14950 281865
15555 46157
15555 62992
15555 716997
15862 30514
15862 54663
16172 681173
16485 28322
16485 410982
16801 68046
18095 73295
18095 278720
18426 393176
18760 191990
18760 229510
18760 504117
19097 90929
19437 32364
19437 78739
19780 43155
19780 493265
20475 138776
20827 84378
21182 23108
21901 165896
22265 64015
22265 90212
23002 113653
23002 126624
23375 40176
23375 53126
23375 121551
23375 583051
23751 32606
23751 96241
23751 290666
24130 25465
24130 46395
25285 102465
25676 39741
25676 183951
26070 26852
26070 36865
26867 108884
27270 680340
27676 28101
28497 29029
28497 115498
29330 359037
30175 116455
30175 122307
30175 133010
30602 83524
31465 31470
31465 36482
31465 41025
31465 54097
31465 539260
31465 785132
31901 119626
31901 129311
32340 67377
32340 640675
33675 136510
34126 65591
34580 34650
34580 51700
34580 68255
34580 99372
35037 631963
35497 143904
35497 434623
35960 43275
35960 48887
35960 897427
36426 913881
36895 38930
36895 411645
37367 42559
37367 151493
37367 504134
39285 159277
40755 43380
40755 70085
40755 308937
41251 167256
41251 226931
41251 481626
41750 726876
42252 517424
42757 67269
42757 147169
42757 630258
43265 175430
44290 45625
44807 69319
45327 183799
45850 50037
45850 88102
45850 448077
46376 54116
47437 65863
47437 192363
47437 893063
47972 343454
47972 419729
48510 396755
49595 142472
49595 201122
49595 607440
51245 88140
51801 210076
52360 55242
52360 134377
52360 310490
54055 219225
54626 259791
55200 428452
55777 450274
56130 151260
56357 228569
56940 63052
56940 938990
57526 704671
58707 238108
59302 113928
59900 527601
61105 247842
61712 150164
61712 621388
62935 108262
63551 257771
64170 64457
64792 74593
64792 356293
65417 496093
66045 85482
66045 267895
66045 809117
67310 69345
67310 193315
67310 228522
68587 278214
68799 86566
68799 91431
69230 69242
69230 70155
69230 107072
69230 246562
70525 74401
70525 147026
70525 176526
70525 786401
71177 288728
71832 233044
71832 376708
73815 89370
73815 299437
73815 517447
74482 143069
75152 920778
75825 130451
76501 310341
77180 552352
79235 85935
79235 321440
79926 87241
80620 679440
82017 332734
82720 284570
84135 121030
84847 194873
84847 344223
84847 570204
87725 88577
87725 124151
87725 251901
87725 355907
87725 516795
89182 89183
89915 154707
90651 320951
90651 367786
91390 96407
91390 175525
91390 249665
91390 518857
91390 620347
92132 696652
93625 305501
93625 379860
93625 514710
95130 98012
95887 727364
96647 392129
98945 153000
99717 404593
101270 103895
101270 134945
101270 178450
102835 417252
104412 106338
104412 156213
105205 181030
106001 430106
106800 220100
108407 515308
109215 443155
110026 211296
110840 318230
110840 329535
112477 456399
113300 810645
114955 121260
115787 247063
115787 469838
119145 263140
119145 483472
120842 300243
121695 121717
121695 209420
121695 307375
122551 497301
123410 134720
123410 146042
123410 158907
123410 257362
126005 142177
126005 143447
126005 236845
126005 511325
127750 131626
127750 287001
127750 702182
129507 525544
130390 250382
133057 347194
133057 539958
133952 207103
134850 281480
135751 165081
135751 180041
135751 466866
136655 392302
136655 554567
139385 239877
140301 569371
141220 148960
141220 287850
143995 584370
145860 242507
145860 531180
147737 599564
151527 614953
152482 292783
154401 154546
154401 662196
155365 630537
155365 828380
156332 210958
156332 479044
158275 272401
159251 646316
160230 617010
163185 193787
163185 400592
163185 662290
165170 170187
165170 474117
167167 231959
167167 678459
169176 764211
170185 179507
171197 694823
172212 190638
174251 269381
174251 447531
175275 423545
175275 711382
176302 192474
176302 338499
178365 306992
179401 728136
183575 745085
184626 504561
185680 262860
187797 762229
188860 188895
190995 398385
192067 779568
196385 563675
196385 797102
197472 231598
199655 343650
201850 212901
201850 387530
201850 694057
204057 460944
207390 213695
211876 271776
211876 317081
219842 339834
222145 382375
224460 518612
227955 232142
227955 262535
229126 439876
230300 280992
230300 660976
231477 310024
231477 706649
236215 249142
238602 250174
238602 260503
238602 426399
239800 240451
239800 535282
245835 423167
254410 262150
258130 495537
259376 260711
260625 374751
261877 517524
266915 303810
270725 270776
270725 418462
270725 466026
270725 502202
273280 288230
273280 570095
277135 673172
278426 347225
286235 337480
288862 554513
292825 384215
296815 510952
304876 324656
306230 315552
307164 326261
307164 330166
307164 410786
310310 311472
310310 338807
310310 456170
310310 488675
313045 330165
318551 465181
319935 452992
321322 616804
324105 326987
324105 557945
326900 505265
336777 348349
338200 344900
341055 408365
341055 436185
349692 387059
352595 607005
354051 509416
354051 596256
355510 374947
356972 534304
359905 494755
359905 499290
360453 365823
362850 373901
367290 367360
367290 449307
367290 480590
380772 386323
383801 404983
383801 559076
388367 600243
389895 396007
389895 440037
391426 427386
399126 406441
400675 422576
409353 458948
424270 437197
424270 509117
425867 431059
448540 473052
460097 523648
461760 462185
470120 475137
478555 478647
490490 505440
