1
2
3
5
7
11
13
17
31
37
71
73
79
97
113
127
131
149
157
163
181
191
197
199
311
317
331
337
359
367
373
719
727
733
739
757
761
787
797
919
937
941
947
971
983
991
1117
1123
1129
1151
1153
1181
1187
1193
1213
1231
1237
1259
1279
1297
1319
1327
1367
1423
1427
1439
1459
1483
1487
1493
1523
1543
1553
1559
1571
1579
1613
1621
1627
1657
1669
1697
1699
1721
1733
1741
1759
1811
1823
1831
1873
1931
1949
1951
1979
1987
1993
3119
3121
3137
3169
3187
3191
3221
3229
3259
3271
3331
3343
3359
3361
3373
3413
3449
3467
3499
3511
3527
3533
3539
3541
3557
3581
3613
3617
3637
3673
3719
3733
3739
3767
3779
3793
3823
3851
3889
3917
3929
3943
3947
7121
7127
7129
7159
7177
7187
7213
7229
7237
7243
7247
7283
7321
7351
7369
7417
7433
7451
7459
7481
7487
7523
7529
7541
7547
7573
7589
7621
7639
7673
7691
7699
7717
7723
7741
7753
7757
7793
7823
7829
7853
7867
7873
7883
7927
7933
7937
7949
9127
9157
9161
9187
9199
9239
9257
9281
9293
9311
9349
9371
9377
9391
9413
9421
9433
9463
9467
9479
9491
9511
9539
9547
9551
9587
9619
9629
9661
9677
9689
9721
9749
9769
9787
9791
9817
9859
9871
9883
9923
9931
9941
9967
9973
11113
11117
11131
11149
11173
11197
11239
11251
11261
11279
11317
11329
11369
11383
11393
11443
11483
11489
11527
11551
11579
11597
11681
11719
11743
11779
11789
11813
11821
11831
11867
11923
11939
11953
12119
12149
12161
12211
12227
12239
12251
12253
12269
12281
12329
12343
12391
12437
12457
12497
12511
12517
12539
12541
12547
12577
12611
12637
12659
12671
12689
12721
12743
12763
12821
12841
12919
12923
12941
12953
12967
13127
13151
13177
13219
13241
13249
13291
13297
13331
13339
13381
13417
13421
13451
13463
13487
13553
13567
13577
13591
13613
13619
13669
13679
13687
13693
13751
13757
13759
13781
13799
13879
13963
13967
13997
14149
14177
14249
14327
14341
14369
14389
14411
14437
14449
14519
14549
14563
14627
14669
14683
14759
14771
14779
14813
14827
14831
14887
14939
14983
15187
15199
15263
15269
15271
15359
15361
15373
15383
15541
15551
15569
15643
15661
15667
15671
15727
15733
15773
15817
15823
15877
16187
16217
16231
16273
16333
16339
16361
16369
16417
16427
16481
16487
16573
16619
16649
16657
16693
16741
16763
16811
16831
16871
16879
16889
16937
16943
16993
17117
17167
17291
17293
17333
17377
17431
17477
17483
17489
17539
17551
17573
17599
17623
17683
17729
17747
17749
17761
17851
17911
17923
17981
18133
18217
18223
18253
18257
18289
18379
18413
18439
18443
18481
18541
18553
18583
18593
18617
18637
18671
18749
18793
18859
18959
19141
19157
19163
19181
19211
19231
19267
19381
19387
19391
19429
19433
19477
19531
19553
19597
19717
19751
19777
19793
19841
19891
19913
19919
19937
19961
19997
31121
31139
31159
31181
31183
31193
31237
31247
31271
31387
31391
31393
31481
31517
31531
31541
31547
31573
31627
31643
31649
31657
31663
31667
31699
31729
31771
31849
31859
31891
31981
31991
32119
32143
32189
32213
32257
32261
32297
32299
32359
32363
32377
32381
32411
32413
32441
32479
32537
32563
32569
32573
32579
32587
32611
32779
32789
32839
32843
32917
32933
32957
32983
32987
33119
33151
33179
33223
33311
33349
33353
33377
33427
33461
33469
33599
33629
33637
33647
33679
33749
33757
33769
33811
33827
33871
33893
33911
33923
33931
33937
34123
34141
34159
34253
34313
34361
34429
34543
34583
34589
34613
34693
34729
34819
34841
34847
34897
34919
34939
34961
34963
35141
35159
35171
35267
35281
35311
35317
35323
35363
35381
35419
35449
35521
35531
35533
35537
35573
35593
35671
35677
35759
35771
35797
35831
35839
35869
35911
35923
35933
35951
35969
35983
36161
36263
36277
36353
36433
36451
36469
36479
36529
36541
36563
36571
36599
36629
36637
36653
36671
36697
36721
36749
36793
36821
36847
36871
36899
36919
36923
36931
36947
37123
37159
37171
37199
37217
37253
37273
37313
37361
37369
37397
37441
37493
37579
37591
37633
37649
37691
37781
37871
37889
37963
37987
37997
38153
38177
38197
38219
38237
38239
38261
38281
38327
38377
38393
38431
38453
38593
38611
38629
38653
38669
38699
38713
38729
38747
38783
38851
38921
38953
39119
39139
39157
39181
39217
39233
39241
39313
39443
39451
39461
39499
39521
39541
39563
39581
39623
39761
39821
39847
39857
39877
39887
39971
39979
39983
71119
71143
71161
71167
71171
71237
71249
71257
71263
71317
71329
71333
71339
71341
71347
71353
71359
71387
71399
71419
71443
71453
71471
71473
71479
71527
71537
71549
71593
71647
71693
71711
71713
71741
71821
71861
71879
71941
71947
71971
71993
71999
72139
72161
72173
72227
72269
72271
72277
72287
72341
72353
72367
72431
72467
72469
72497
72617
72623
72643
72649
72671
72673
72719
72727
72733
72739
72859
72869
72883
72953
73127
73133
73181
73237
73291
73331
73361
73363
73379
73421
73433
73453
73553
73561
73583
73589
73597
73613
73699
73721
73727
73751
73771
73819
73823
73867
73897
73939
74159
74161
74177
74189
74219
74257
74279
74293
74311
74317
74323
74357
74377
74441
74449
74453
74531
74567
74573
74623
74687
74699
74713
74729
74731
74771
74779
74797
74843
74929
74941
74959
75181
75217
75223
75269
75337
75377
75389
75391
75437
75511
75521
75533
75571
75583
75619
75641
75659
75689
75773
75797
75821
75833
75853
75937
75941
75979
76129
76163
76213
76249
76259
76261
76289
76333
76369
76421
76423
76471
76481
76487
76493
76543
76561
76679
76697
76753
76757
76777
76847
76873
76919
76949
77153
77191
77249
77261
77279
77323
77347
77351
77359
77417
77419
77431
77471
77479
77489
77521
77527
77543
77557
77659
77713
77723
77731
77747
77761
77797
77813
77849
77933
77969
77977
77999
78163
78167
78173
78193
78283
78311
78317
78341
78347
78437
78497
78571
78583
78779
78787
78791
78797
78823
78839
78889
78893
78941
78979
78989
79139
79229
79231
79273
79333
79337
79349
79393
79399
79411
79531
79559
79561
79613
79633
79669
79699
79757
79777
79829
79873
79889
79939
79987
91127
91129
91139
91151
91183
91193
91237
91253
91291
91297
91367
91387
91463
91493
91513
91529
91573
91591
91631
91753
91757
91811
91837
91867
91921
91969
91997
92173
92179
92227
92269
92333
92353
92381
92387
92479
92557
92567
92581
92593
92639
92647
92669
92683
92717
92723
92753
92779
92791
92821
92831
92849
92857
92861
92959
92987
93113
93131
93169
93179
93229
93257
93283
93319
93481
93491
93493
93629
93719
93761
93787
93811
93911
93913
93923
93941
93949
93967
93971
93979
93983
93997
94117
94151
94153
94229
94331
94349
94427
94483
94513
94531
94543
94559
94597
94621
94649
94727
94777
94781
94793
94811
94823
94847
94933
94949
94993
94999
95143
95153
95189
95257
95287
95327
95369
95393
95413
95441
95467
95479
95539
95561
95581
95617
95629
95651
95713
95717
95783
95789
95819
95857
95869
95911
95923
95987
96137
96181
96211
96221
96263
96281
96293
96329
96431
96443
96457
96487
96517
96553
96557
96589
96739
96749
96757
96769
96797
96821
96823
96827
96911
96953
96973
96989
97169
97171
97187
97213
97367
97369
97381
97441
97523
97547
97553
97561
97651
97771
97789
97813
97843
97847
97883
97927
97931
98123
98129
98143
98179
98213
98221
98227
98269
98321
98419
98429
98491
98519
98543
98561
98563
98639
98711
98717
98729
98773
98837
98849
98911
98939
98981
98993
99119
99149
99241
99277
99289
99317
99347
99371
99397
99439
99523
99527
99581
99679
99787
99817
99829
99877
99971
111119
111121
111127
111143
111149
111187
111211
111229
111269
111317
111337
111373
111431
111467
111521
111533
111577
111581
111593
111637
111641
111653
111733
111751
111767
111773
111781
111791
111799
111821
111847
111857
111869
111893
111913
111919
111959
111977
111997
112129
112153
112163
112213
112223
112247
112261
112289
112297
112331
112349
112363
112429
112559
112571
112573
112621
112663
112759
112771
112831
112843
112859
112967
112997
113111
113117
113123
113131
113143
113159
113161
113167
113171
113173
113177
113189
113233
113327
113357
113363
113371
113381
113383
113417
113437
113513
113539
113557
113567
113591
113647
113719
113749
113777
113779
113783
113819
113837
113957
113983
113989
114113
114167
114193
114197
114199
114221
114259
114277
114281
114311
114329
114371
114451
114467
114473
114479
114493
114547
114553
114577
114593
114599
114689
114757
114781
114833
114847
114889
114941
114973
114997
115117
115153
115163
115211
115223
115279
115319
115327
115337
115361
115399
115421
115429
115459
115469
115499
115523
115589
115613
115637
115663
115727
115741
115757
115777
115783
115793
115823
115837
115859
115861
115873
115877
115879
115931
115963
115979
115981
115987
116141
116159
116177
116191
116239
116269
116273
116279
116341
116381
116387
116423
116437
116443
116447
116483
116491
116531
116533
116539
116593
116657
116663
116687
116719
116731
116747
116789
116791
116797
116833
116849
116911
116953
116959
116969
116989
117127
117167
117241
117319
117329
117353
117389
117431
117443
117499
117529
117539
117541
117563
117619
117643
117659
117671
117679
117721
117751
117779
117883
117911
117959
118171
118189
118211
118213
118247
118361
118369
118387
118411
118423
118429
118457
118463
118471
118529
118549
118571
118583
118619
118621
118687
118717
118747
118787
118831
118843
118891
118927
118931
118967
119179
119183
119191
119227
119243
119293
119297
119299
119389
119447
119489
119513
119551
119569
119611
119617
119627
119633
119677
119687
119699
119737
119771
119783
119797
119839
119849
119881
119921
119981
119983
119993
121123
121157
121169
121171
121181
121189
121267
121313
121349
121379
121421
121439
121453
121469
121547
121553
121577
121621
121637
121711
121727
121853
121931
121937
121949
121993
121997
122117
122131
122147
122167
122231
122251
122273
122279
122299
122321
122449
122471
122477
122489
122561
122651
122653
122663
122719
122743
122753
122761
122833
122861
122891
122963
122971
123113
123127
123143
123217
123239
123259
123289
123323
123419
123427
123433
123457
123479
123493
123517
123581
123677
123727
123733
123757
123791
123817
123829
123833
123853
123923
123953
123973
123983
124139
124171
124181
124193
124249
124291
124297
124339
124343
124363
124367
124429
124447
124471
124513
124529
124541
124567
124577
124673
124693
124739
124753
124759
124769
124771
124777
124781
124799
124823
124897
124981
124987
124991
125117
125119
125149
125183
125197
125243
125261
125269
125353
125387
125429
125497
125551
125597
125621
125639
125683
125693
125717
125731
125737
125813
125821
125863
125887
125897
125899
125921
125927
125941
125963
126127
126143
126211
126223
126227
126233
126241
126311
126317
126341
126349
126359
126421
126433
126473
126481
126487
126493
126499
126547
126551
126583
126611
126641
126713
126739
126743
126751
126761
126781
126827
126913
126923
126943
126989
127123
127157
127217
127219
127241
127277
127291
127297
127331
127447
127481
127487
127493
127549
127591
127637
127733
127819
127849
127859
127867
127913
127921
127931
127951
127973
128113
128119
128153
128239
128257
128291
128311
128321
128341
128351
128377
128411
128413
128431
128473
128483
128519
128563
128659
128677
128683
128749
128761
128767
128819
128857
128873
128951
128987
129119
129127
129169
129197
129223
129263
129379
129439
129443
129491
129499
129527
129529
129587
129719
129737
129769
129793
129841
129917
129919
129937
129967
129971
131111
131129
131171
131221
131231
131293
131297
131321
131357
131371
131449
131477
131581
131627
131639
131743
131749
131759
131771
131777
131783
131797
131891
131939
131941
131959
131969
132137
132157
132199
132257
132263
132287
132313
132347
132371
132421
132439
132499
132523
132527
132541
132589
132661
132721
132749
132751
132757
132817
132833
132851
132859
132893
132911
132947
132967
132971
132989
133117
133169
133187
133241
133261
133271
133279
133327
133349
133379
133387
133391
133417
133451
133493
133499
133541
133559
133649
133657
133691
133769
133843
133853
133873
133949
133963
133967
133981
133999
134177
134191
134213
134219
134269
134287
134339
134341
134353
134359
134363
134417
134437
134581
134639
134683
134741
134777
134789
134857
134867
134873
134917
134921
134947
135131
135173
135181
135193
135197
135211
135241
135271
135277
135283
135347
135353
135389
135391
135427
135479
135497
135511
135533
135559
135581
135589
135617
135721
135727
135743
135757
135829
135859
135893
135911
135929
136111
136237
136327
136337
136343
136361
136373
136417
136429
136447
136523
136541
136547
136559
136621
136651
136739
136753
136777
136811
136841
136849
136879
136949
136973
136979
136999
137119
137131
137147
137183
137197
137251
137321
137363
137453
137477
137537
137593
137597
137623
137653
137723
137737
137771
137777
137791
137867
137869
137957
137993
138163
138179
138191
138239
138251
138337
138389
138433
138461
138469
138517
138547
138559
138563
138577
138581
138599
138637
138641
138647
138661
138763
138797
138821
138869
138889
138893
138899
138917
138923
138959
139123
139133
139169
139291
139333
139361
139367
139387
139393
139429
139457
139493
139511
139589
139597
139663
139697
139721
139759
139831
139861
139871
139939
139969
139987
139991
141121
141131
141161
141199
141221
141241
141257
141277
141283
141311
141371
141413
141443
141461
141497
141499
141511
141539
141629
141649
141653
141719
141731
141767
141769
141773
141793
141833
141851
141863
141917
141959
141971
142169
142183
142189
142211
142223
142231
142271
142319
142427
142433
142529
142547
142559
142591
142673
142697
142759
142771
142799
142841
142867
142873
142963
142973
142979
142993
143239
143249
143263
143329
143357
143419
143443
143461
143483
143513
143519
143537
143573
143617
143629
143653
143687
143711
143719
143813
143821
143827
143947
143977
143981
143999
144163
144253
144299
144323
144379
144413
144427
144479
144481
144497
144563
144569
144577
144589
144593
144611
144731
144757
144779
144887
144917
144931
144941
144967
145133
145177
145213
145219
145253
145267
145283
145399
145423
145433
145471
145517
145543
145547
145549
145661
145679
145681
145687
145757
145771
145819
145861
145879
145897
145963
145967
145969
146117
146141
146197
146213
146249
146291
146323
146383
146389
146417
146437
146477
146521
146527
146563
146617
146743
146749
146767
146819
146837
146849
146933
146941
146989
147139
147179
147211
147263
147283
147319
147331
147341
147347
147353
147391
147397
147449
147457
147481
147551
147583
147661
147689
147773
147779
147799
147811
147827
147853
147863
147881
147919
147937
147977
147997
148123
148153
148157
148361
148367
148381
148399
148411
148469
148513
148517
148531
148537
148573
148633
148639
148667
148711
148721
148747
148781
148783
148817
148861
148957
148991
149153
149159
149161
149173
149249
149251
149287
149323
149371
149381
149393
149419
149459
149521
149551
149561
149579
149623
149629
149689
149711
149717
149729
149749
149767
149771
149827
149839
149861
149893
149921
149939
149969
149971
151121
151163
151169
151171
151189
151253
151289
151337
151343
151471
151483
151523
151531
151537
151561
151637
151643
151681
151687
151693
151771
151783
151799
151813
151817
151841
151847
151883
151937
151939
151969
152123
152147
152183
152219
152239
152287
152363
152377
152417
152423
152441
152459
152519
152539
152567
152623
152629
152639
152657
152729
152767
152819
152839
152851
152879
152897
152899
152941
152947
152953
152981
153133
153191
153269
153277
153281
153319
153337
153371
153421
153437
153443
153449
153457
153557
153611
153649
153689
153719
153733
153841
153871
153877
153887
153911
154127
154153
154157
154183
154211
154213
154277
154279
154291
154313
154387
154417
154523
154571
154573
154579
154591
154621
154667
154669
154727
154747
154787
154877
154883
154933
154943
154991
155167
155191
155251
155299
155317
155381
155399
155443
155453
155461
155473
155539
155569
155593
155621
155627
155689
155693
155773
155783
155849
155861
155893
155921
156119
156227
156229
156259
156269
156419
156437
156467
156487
156511
156539
156577
156589
156623
156631
156679
156691
156781
156799
156817
156823
156899
156943
156967
156971
157133
157181
157231
157247
157271
157279
157351
157513
157523
157543
157559
157561
157571
157579
157639
157667
157679
157733
157747
157793
157813
157831
157837
157897
157931
157933
158141
158189
158269
158293
158329
158351
158363
158527
158567
158591
158611
158647
158657
158663
158771
158777
158863
158881
158923
158959
158981
159113
159161
159169
159179
159293
159311
159349
159421
159431
159457
159491
159541
159571
159623
159629
159667
159683
159739
159857
159869
159871
159937
161141
161167
161233
161237
161267
161281
161323
161453
161461
161543
161573
161611
161639
161641
161731
161741
161753
161773
161779
161831
161911
161947
161971
161977
161983
162143
162257
162343
162359
162419
162439
162473
162517
162523
162563
162671
162677
162713
162727
162739
162749
162751
162779
162791
162823
162839
162859
162881
162917
162937
162971
162989
163117
163127
163129
163147
163171
163193
163199
163223
163259
163327
163393
163433
163487
163543
163573
163621
163633
163673
163729
163753
163771
163973
163991
164113
164147
164149
164279
164413
164419
164429
164443
164449
164513
164569
164627
164663
164677
164683
164789
164821
164837
164839
164893
164963
164987
164999
165133
165173
165181
165229
165233
165287
165293
165311
165331
165343
165349
165383
165437
165449
165457
165511
165533
165551
165553
165617
165667
165713
165749
165811
165883
165887
165961
165983
166259
166319
166357
166363
166399
166457
166471
166619
166643
166667
166799
166847
166853
166861
166867
166931
166979
167113
167159
167191
167197
167213
167311
167329
167339
167341
167381
167413
167423
167437
167443
167471
167483
167593
167611
167621
167641
167677
167711
167747
167779
167861
167863
167873
167887
167911
167917
167953
168127
168193
168197
168247
168253
168281
168323
168347
168391
168523
168527
168559
168599
168673
168697
168713
168731
168743
168769
168851
168863
168887
168913
168943
168977
169111
169159
169199
169219
169243
169259
169343
169369
169373
169427
169457
169483
169627
169649
169661
169681
169751
169769
169783
169789
169817
169831
169837
169859
169889
169919
169951
169957
171169
171233
171251
171253
171263
171271
171317
171341
171383
171469
171491
171517
171617
171629
171641
171653
171659
171673
171719
171733
171763
171827
171851
171869
172157
172199
172243
172279
172297
172411
172421
172433
172553
172573
172589
172619
172633
172643
172681
172721
172877
172883
172933
172987
172993
172999
173183
173191
173219
173249
173263
173273
173291
173297
173359
173429
173491
173497
173531
173539
173543
173549
173573
173647
173651
173669
173687
173713
173729
173741
173743
173839
173917
173933
173977
173993
174143
174149
174169
174221
174259
174289
174299
174311
174367
174389
174443
174481
174491
174571
174617
174637
174653
174679
174761
174773
174799
174821
174917
174943
174989
175129
175141
175211
175229
175277
175291
175361
175393
175411
175453
175481
175493
175499
175633
175727
175781
175811
175843
175873
175897
175937
175949
175963
175991
176129
176153
176159
176161
176221
176237
176327
176347
176413
176417
176459
176461
176489
176497
176521
176597
176599
176611
176651
176711
176713
176747
176819
176849
176857
176923
177223
177239
177257
177269
177323
177337
177383
177467
177481
177493
177553
177647
177739
177743
177787
177791
177811
177839
177883
177887
177913
177953
177979
178117
178127
178151
178223
178231
178261
178289
178393
178417
178441
178447
178531
178559
178567
178621
178627
178643
178693
178697
178781
178853
178889
178897
178931
178933
178939
178951
178973
179111
179119
179143
179213
179269
179287
179351
179369
179393
179411
179453
179471
179483
179579
179593
179657
179659
179671
179687
179693
179717
179813
179819
179827
179833
179917
179947
179989
179999
181123
181141
181193
181199
181219
181243
181273
181387
181397
181399
181421
181499
181523
181549
181619
181669
181711
181721
181729
181787
181789
181837
181913
181927
181931
181943
181981
182129
182131
182141
182177
182239
182243
182261
182279
182297
182423
182453
182467
182519
182549
182561
182579
182599
182617
182627
182639
182641
182657
182681
182713
182779
182813
182887
182921
182981
183119
183191
183259
183263
183317
183319
183349
183451
183461
183499
183527
183581
183593
183661
183697
183761
183763
183871
183877
183949
183973
183979
184211
184231
184279
184321
184333
184337
184463
184477
184489
184511
184523
184553
184577
184627
184687
184693
184727
184753
184859
184879
184913
184957
184969
184993
184999
185123
185149
185167
185183
185189
185221
185267
185477
185519
185527
185531
185533
185539
185543
185551
185567
185641
185681
185683
185747
185767
185831
185869
185893
186113
186119
186149
186157
186187
186247
186299
186377
186419
186451
186469
186481
186551
186587
186647
186727
186743
186757
186763
186799
186869
186877
186889
186947
187123
187127
187177
187193
187223
187273
187367
187433
187471
187477
187559
187573
187631
187633
187637
187661
187687
187711
187787
187883
187927
188147
188159
188171
188249
188311
188323
188333
188369
188417
188431
188437
188459
188483
188533
188579
188719
188729
188767
188791
188827
188843
188863
188869
188927
188939
188941
189139
189149
189199
189229
189239
189253
189311
189421
189437
189439
189473
189479
189517
189523
189529
189547
189559
189619
189653
189757
189767
189797
189817
189823
189929
189949
189961
189967
189983
189989
189997
191123
191137
191249
191251
191297
191299
191413
191449
191459
191461
191473
191497
191519
191531
191561
191563
191599
191657
191677
191693
191747
191783
191837
191911
191953
191969
192133
192149
192161
192187
192191
192193
192229
192233
192239
192251
192263
192317
192341
192347
192529
192539
192583
192611
192613
192617
192667
192697
192743
192749
192767
192811
192833
192847
192877
192887
192917
192931
192979
193181
193243
193247
193367
193381
193393
193559
193577
193597
193723
193751
193757
193789
193799
193859
193861
193883
193939
193943
193951
193979
193993
194113
194149
194167
194179
194197
194269
194323
194443
194471
194521
194543
194581
194717
194771
194839
194867
194911
194917
194963
194977
194981
194989
195157
195229
195277
195281
195311
195319
195343
195413
195457
195497
195527
195539
195599
195733
195743
195761
195781
195787
195887
195893
195913
195991
196169
196181
196187
196247
196279
196291
196331
196387
196453
196519
196541
196549
196561
196579
196643
196663
196687
196699
196717
196739
196751
196831
196873
196927
196991
197117
197137
197159
197243
197261
197299
197341
197359
197369
197389
197441
197453
197567
197569
197573
197599
197621
197641
197647
197699
197741
197759
197767
197779
197887
197893
197921
197947
197969
198127
198139
198173
198221
198223
198257
198313
198337
198349
198377
198391
198439
198461
198491
198529
198533
198553
198599
198613
198641
198647
198719
198811
198823
198827
198851
198859
198941
198967
198997
199151
199153
199181
199193
199211
199289
199321
199343
199447
199457
199483
199487
199499
199559
199621
199657
199687
199739
199751
199799
199811
199831
199933
199961
199967
311137
311153
311173
311177
311183
311189
311197
311291
311323
311393
311419
311447
311551
311561
311569
311653
311659
311683
311713
311737
311821
311827
311867
311897
311951
311963
311981
312199
312217
312253
312269
312283
312311
312343
312349
312383
312397
312413
312451
312469
312581
312617
312623
312643
312673
312737
312773
312839
312841
312887
312899
312929
312931
312979
312989
313129
313211
313289
313321
313373
313381
313387
313399
313517
313543
313553
313561
313589
313613
313619
313637
313639
313669
313699
313727
313739
313741
313763
313849
313879
313889
313931
313933
313949
313981
314161
314219
314243
314257
314267
314299
314351
314357
314359
314441
314497
314513
314543
314627
314651
314693
314761
314777
314779
314851
314879
314917
314933
314953
314989
315127
315181
315313
315373
315421
315437
315449
315461
315493
315547
315559
315569
315589
315691
315739
315743
315751
315779
315811
315829
315857
315899
315967
315977
316133
316177
316241
316259
316271
316297
316339
316343
316363
316373
316423
316531
316567
316571
316583
316661
316697
316717
316759
316819
316853
316891
316937
316991
317123
317171
317179
317257
317263
317267
317327
317371
317399
317453
317489
317539
317557
317563
317587
317599
317621
317671
317693
317711
317717
317743
317789
317839
317887
317921
317923
317957
317959
317963
317969
317983
318127
318181
318191
318233
318247
318259
318271
318281
318289
318337
318347
318473
318523
318559
318569
318581
318589
318677
318679
318713
318737
318743
318751
318833
318863
318883
318949
319117
319147
319169
319183
319211
319223
319237
319313
319339
319343
319351
319357
319387
319399
319411
319441
319519
319541
319589
319591
319687
319699
319727
319729
319757
319817
319819
319831
319883
319919
319931
319937
319967
319981
319993
321143
321169
321187
321193
321313
321319
321371
321383
321397
321413
321443
321467
321569
321611
321617
321733
321757
321779
321821
321823
321851
321961
322139
322171
322229
322249
322261
322271
322327
322349
322463
322513
322537
322549
322573
322613
322631
322747
322769
322859
322871
322877
322891
322921
322939
322969
323149
323233
323243
323251
323369
323371
323419
323467
323471
323473
323549
323567
323579
323581
323699
323717
323767
323797
323837
323923
323927
323933
323987
324131
324151
324179
324199
324217
324239
324361
324397
324431
324439
324449
324473
324517
324617
324619
324647
324661
324743
324763
324781
324791
324799
324847
324889
324953
324983
324997
325153
325189
325217
325219
325229
325231
325271
325343
325349
325421
325459
325477
325487
325513
325517
325541
325571
325597
325631
325681
325729
325747
325861
325921
325993
325999
326143
326159
326171
326219
326251
326351
326353
326479
326549
326561
326581
326633
326663
326693
326737
326741
326869
326873
326881
326939
326941
326947
326951
327127
327133
327311
327319
327331
327343
327347
327421
327433
327469
327499
327557
327559
327581
327629
327667
327721
327737
327779
327799
327823
327839
327881
327917
327941
328127
328249
328271
328277
328283
328291
328357
328379
328381
328429
328481
328511
328543
328633
328639
328651
328667
328687
328781
328787
328829
328849
328883
328891
328897
328919
328921
329111
329257
329267
329269
329293
329297
329299
329317
329321
329347
329431
329489
329533
329551
329587
329597
329627
329671
329677
329683
329711
329723
329761
329779
329789
329873
329899
329947
329951
329993
329999
331147
331153
331171
331231
331241
331277
331333
331337
331399
331423
331451
331519
331537
331549
331589
331613
331663
331769
331777
331871
331883
331943
331967
331973
331997
331999
332159
332183
332219
332221
332251
332263
332393
332411
332447
332467
332473
332477
332489
332513
332567
332569
332611
332687
332699
332743
332749
332767
332837
332851
332881
332933
332947
332987
333161
333197
333227
333287
333299
333323
333349
333367
333397
333433
333439
333449
333451
333479
333497
333517
333563
333581
333589
333679
333721
333779
333787
333821
333857
333941
334127
334133
334177
334199
334319
334331
334333
334393
334421
334427
334429
334487
334513
334541
334547
334637
334643
334693
334717
334751
334753
334777
334787
334793
334843
334931
334991
334993
335113
335173
335213
335249
335281
335347
335381
335383
335453
335519
335557
335591
335633
335653
335669
335689
335693
335729
335747
335821
335857
335879
335897
336121
336143
336199
336221
336223
336239
336247
336263
336317
336353
336419
336437
336499
336521
336529
336533
336551
336577
336593
336613
336631
336643
336671
336727
336757
336761
336767
336773
336823
336827
336829
336863
336887
336929
336983
336989
337121
337217
337261
337277
337283
337327
337339
337361
337369
337489
337511
337537
337541
337583
337639
337751
337759
337853
337859
337871
337873
337957
337969
337999
338137
338141
338153
338167
338171
338237
338269
338287
338293
338339
338369
338383
338411
338413
338473
338477
338497
338543
338579
338669
338717
338731
338761
338791
338857
338867
338893
338927
339127
339137
339139
339161
339173
339187
339211
339223
339247
339289
339341
339467
339517
339527
339617
339637
339653
339671
339673
339749
339811
339821
339827
339839
339943
339991
341123
341219
341227
341233
341311
341323
341443
341477
341491
341521
341587
341641
341647
341659
341687
341729
341749
341773
341777
341827
341863
341879
341947
341951
341993
342131
342143
342191
342197
342211
342239
342257
342341
342371
342449
342469
342527
342547
342553
342691
342697
342733
342791
342799
342847
342863
342869
343153
343169
343193
343199
343237
343243
343261
343289
343337
343381
343411
343481
343559
343589
343591
343627
343631
343667
343727
343769
343813
343823
343831
343891
343913
343997
344111
344161
344171
344257
344263
344273
344327
344353
344417
344429
344479
344483
344543
344629
344653
344671
344693
344719
344819
344863
344873
344887
344917
344969
345193
345221
345229
345263
345329
345431
345451
345533
345547
345551
345599
345733
345739
345791
345817
345853
345923
345937
346133
346139
346141
346169
346277
346321
346331
346361
346369
346397
346399
346417
346421
346441
346529
346543
346589
346627
346657
346667
346721
346763
346849
346877
346891
346961
347131
347167
347227
347233
347239
347257
347299
347317
347329
347443
347533
347561
347579
347651
347671
347729
347731
347759
347821
347849
347891
347951
347959
347981
347983
348163
348181
348221
348239
348241
348259
348287
348323
348419
348437
348461
348559
348583
348629
348643
348671
348731
348779
348833
348851
348883
348889
348911
348949
348991
349121
349133
349177
349183
349187
349211
349241
349313
349331
349343
349357
349369
349373
349379
349381
349387
349397
349399
349471
349493
349589
349787
349849
349913
349949
349963
349967
351121
351133
351157
351179
351257
351259
351347
351359
351479
351517
351529
351587
351599
351643
351667
351751
351773
351811
351847
351919
351971
352181
352237
352267
352333
352349
352357
352367
352411
352441
352459
352463
352489
352493
352543
352549
352589
352619
352637
352691
352739
352753
352831
352837
352841
352867
352883
352931
352939
352951
353117
353161
353179
353237
353263
353321
353341
353359
353389
353411
353527
353557
353567
353621
353627
353629
353653
353677
353737
353767
353777
353833
353911
353929
353963
354169
354253
354271
354323
354371
354377
354451
354461
354479
354553
354587
354661
354689
354727
354737
354751
354839
354869
354883
354953
354971
354973
354983
355111
355171
355193
355211
355343
355457
355463
355483
355529
355559
355651
355669
355679
355753
355763
355811
355841
355847
355853
355891
355913
355951
355967
356137
356171
356173
356197
356219
356261
356263
356311
356453
356479
356533
356561
356579
356621
356663
356749
356819
356977
356981
356989
357197
357263
357281
357283
357293
357347
357349
357437
357473
357517
357551
357559
357569
357619
357649
357653
357661
357733
357787
357913
357967
357977
357989
357997
358157
358243
358277
358279
358297
358327
358349
358373
358447
358459
358471
358487
358499
358531
358541
358573
358591
358669
358681
358697
358747
358753
358769
358783
358793
358811
358829
358867
358877
358979
358987
358993
358999
359111
359167
359279
359297
359299
359323
359327
359357
359419
359477
359479
359561
359587
359657
359663
359713
359747
359761
359767
359783
359897
361111
361183
361211
361213
361217
361219
361237
361271
361321
361349
361357
361363
361373
361411
361433
361441
361463
361469
361523
361531
361541
361549
361577
361643
361651
361679
361723
361727
361747
361769
361787
361927
361961
361979
362147
362191
362213
362233
362281
362339
362363
362393
362431
362459
362521
362633
362743
362759
362867
362897
362911
362951
362977
362987
363151
363157
363161
363173
363199
363271
363277
363313
363361
363379
363431
363437
363529
363533
363541
363581
363589
363619
363677
363751
363757
363889
363949
364141
364171
364183
364187
364213
364223
364267
364321
364337
364349
364417
364451
364459
364523
364543
364571
364583
364627
364643
364657
364687
364691
364699
364759
364829
364961
364979
365119
365129
365147
365173
365179
365249
365257
365291
365293
365327
365369
365423
365441
365461
365527
365537
365569
365591
365611
365627
365683
365699
365747
365749
365779
365797
365933
365969
366139
366161
366167
366199
366269
366277
366397
366419
366461
366463
366479
366497
366511
366521
366599
366677
366727
366733
366851
366853
366881
366917
366941
366967
366973
367123
367163
367189
367219
367229
367259
367357
367427
367453
367469
367531
367541
367559
367597
367637
367649
367673
367699
367711
367721
367733
367781
367841
367849
367853
367883
368111
368129
368149
368233
368273
368293
368327
368369
368411
368443
368447
368471
368539
368551
368579
368597
368633
368647
368651
368689
368743
368789
368833
368857
368873
368881
368911
368939
369119
369133
369143
369169
369181
369197
369293
369353
369419
369487
369557
369637
369751
369791
369827
369829
369841
369877
369913
369979
371179
371191
371213
371249
371257
371291
371353
371383
371387
371561
371587
371617
371663
371669
371843
371851
371897
371939
371941
371957
371971
371981
372121
372173
372179
372263
372271
372293
372311
372313
372397
372443
372451
372473
372481
372511
372539
372653
372689
372763
372773
372817
372829
372833
372871
372881
372917
372941
372971
373171
373193
373213
373229
373327
373339
373343
373379
373447
373517
373553
373567
373753
373757
373777
373837
373937
373943
373951
373963
373969
373981
374123
374137
374149
374159
374219
374239
374291
374299
374317
374333
374483
374557
374587
374641
374653
374677
374681
374687
374771
374783
374893
374939
374977
374989
375113
375119
375127
375163
375227
375251
375259
375283
375413
375451
375457
375523
375527
375533
375559
375643
375667
375743
375779
375799
375857
375931
375967
375983
375997
376153
376171
376183
376199
376237
376291
376297
376351
376529
376531
376577
376589
376627
376631
376633
376639
376679
376687
376729
376819
376837
376927
377123
377129
377147
377197
377231
377257
377291
377327
377339
377347
377353
377369
377371
377393
377459
377477
377527
377557
377561
377563
377593
377617
377623
377681
377717
377737
377831
377851
377873
377887
377999
378149
378151
378163
378167
378239
378353
378361
378379
378533
378569
378661
378667
378683
378733
378757
378779
378817
378821
378893
378949
378953
378967
379123
379147
379157
379177
379199
379289
379333
379417
379441
379459
379499
379549
379571
379579
379649
379663
379667
379681
379693
379727
379777
379817
379837
379853
379877
379931
379963
379999
381221
381223
381239
381383
381389
381419
381439
381487
381527
381533
381541
381569
381659
381791
381793
381817
381841
381917
381937
381949
381977
381991
382117
382229
382231
382267
382271
382357
382391
382493
382519
382541
382553
382631
382649
382661
382729
382747
382763
382769
382813
382867
382883
382919
382961
382999
383143
383171
383261
383267
383291
383297
383371
383393
383459
383489
383521
383573
383623
383657
383683
383729
383753
383767
383777
383813
383839
383869
383891
383941
383963
383969
383987
384133
384157
384187
384193
384247
384299
384317
384383
384473
384533
384589
384611
384623
384673
384691
384697
384719
384737
384817
384821
384827
384847
384889
384973
385127
385129
385139
385141
385223
385261
385267
385279
385289
385291
385379
385391
385393
385433
385471
385537
385571
385573
385621
385639
385771
385811
385837
385843
385927
385939
385943
385991
385997
386129
386143
386149
386161
386173
386227
386249
386263
386297
386339
386363
386369
386383
386521
386549
386621
386629
386651
386693
386723
386777
386887
386927
386977
386989
387151
387161
387197
387199
387253
387313
387329
387437
387551
387577
387623
387659
387683
387721
387857
387911
387913
387953
387967
387971
388117
388133
388181
388183
388231
388259
388273
388277
388319
388373
388459
388481
388573
388691
388697
388699
388711
388757
388813
388837
388879
388931
388937
389117
389149
389189
389273
389297
389461
389479
389513
389531
389533
389539
389561
389563
389567
389591
389629
389663
389713
389743
389849
389867
389923
389927
389941
389947
389989
391117
391159
391163
391177
391217
391219
391337
391351
391387
391393
391451
391453
391487
391553
391627
391661
391691
391693
391711
391717
391733
391751
391757
391789
391817
391861
391873
391879
391891
391939
391961
392113
392233
392251
392261
392281
392297
392299
392333
392351
392383
392477
392519
392611
392629
392663
392723
392737
392827
392831
392851
392879
392893
392911
392929
392957
392969
392981
393121
393157
393187
393191
393241
393247
393331
393361
393473
393479
393521
393539
393541
393551
393581
393611
393649
393667
393671
393677
393761
393853
393857
393871
393919
393929
393961
393977
393997
394157
394211
394259
394327
394369
394453
394489
394523
394529
394619
394673
394699
394787
394813
394817
394829
394897
394963
394967
395119
395137
395141
395189
395231
395251
395287
395293
395377
395443
395533
395543
395581
395611
395627
395671
395719
395741
395897
395953
396173
396181
396197
396199
396299
396379
396413
396437
396443
396479
396523
396577
396623
396629
396631
396637
396733
396833
396871
396943
396953
396971
397127
397151
397183
397211
397237
397253
397283
397337
397427
397429
397519
397543
397549
397723
397751
397759
397811
397897
398113
398117
398149
398171
398213
398227
398249
398261
398311
398323
398353
398441
398459
398473
398491
398543
398549
398611
398621
398669
398681
398693
398729
398731
398759
398771
398821
398917
399131
399149
399163
399173
399197
399239
399263
399379
399389
399391
399439
399481
399491
399493
399527
399557
399571
399583
399617
399727
399757
399769
399781
399793
399851
399913
711121
711131
711133
711163
711223
711287
711299
711317
711353
711371
711427
711437
711479
711499
711523
711563
711577
711583
711617
711653
711679
711749
711751
711757
711793
711829
711889
711923
711929
711967
711973
712157
712169
712199
712321
712339
712427
712429
712433
712447
712477
712489
712511
712561
712571
712573
712631
712651
712781
712837
712843
712847
712883
712927
712951
712973
713129
713147
713149
713177
713183
713243
713281
713311
713417
713467
713477
713491
713563
713569
713597
713627
713653
713743
713747
713753
713833
713861
713863
713891
713917
713939
714139
714163
714169
714223
714283
714361
714481
714517
714551
714557
714563
714577
714619
714677
714691
714719
714739
714751
714797
714851
714853
714881
714919
714949
714971
715123
715151
715153
715159
715171
715189
715193
715229
715237
715259
715289
715313
715441
715489
715537
715571
715577
715579
715621
715643
715657
715679
715681
715727
715789
715859
715877
715943
715961
715969
715973
716123
716137
716171
716257
716291
716299
716351
716399
716411
716447
716483
716531
716543
716581
716629
716659
716731
716743
716819
716827
716861
716869
716897
716917
716981
717151
717161
717191
717229
717259
717271
717317
717397
717413
717419
717463
717491
717527
717589
717593
717631
717653
717659
717667
717679
717697
717811
717841
717887
717989
718139
718171
718183
718241
718331
718337
718343
718349
718357
718379
718387
718391
718411
718433
718457
718513
718547
718579
718691
718717
718723
718741
718747
718759
718813
718841
718937
718943
718999
719149
719153
719167
719183
719197
719237
719267
719281
719297
719333
719393
719419
719567
719569
719573
719597
719599
719633
719659
719671
719681
719683
719713
719833
719839
719893
719941
721117
721129
721159
721177
721181
721199
721229
721243
721267
721283
721291
721321
721333
721363
721397
721451
721481
721529
721561
721621
721631
721661
721687
721733
721739
721793
721843
721921
721951
721979
721991
721997
722119
722147
722149
722153
722167
722173
722213
722243
722287
722321
722333
722363
722369
722417
722431
722467
722479
722489
722521
722563
722633
722639
722663
722669
722737
722749
722797
722819
722833
722921
722963
722971
722977
722983
723119
723127
723167
723221
723259
723287
723293
723361
723391
723421
723491
723553
723587
723721
723727
723797
723799
723823
723839
723913
723923
723959
723973
723997
724111
724117
724153
724187
724219
724267
724313
724459
724487
724499
724517
724531
724547
724597
724621
724627
724631
724733
724769
724813
724847
724853
724879
724939
724949
724967
725111
725119
725147
725189
725273
725293
725341
725371
725393
725437
725519
725587
725597
725687
725749
725827
725861
725863
725867
725891
725897
725939
725953
725983
725993
726157
726163
726169
726191
726221
726287
726289
726367
726413
726457
726463
726469
726497
726527
726533
726611
726629
726641
726647
726679
726689
726697
726751
726779
726787
726853
726893
726899
726911
726917
726923
726989
727121
727159
727189
727241
727247
727271
727273
727351
727369
727399
727427
727451
727483
727589
727613
727633
727691
727717
727729
727759
727763
727817
727823
727843
727891
727933
727939
727981
727997
728129
728131
728173
728261
728267
728269
728369
728381
728383
728423
728437
728477
728489
728537
728551
728639
728647
728713
728723
728729
728743
728813
728831
728869
728881
728899
728929
728941
728947
728971
728993
729143
729187
729199
729257
729271
729367
729371
729527
729551
729577
729587
729613
729637
729643
729679
729737
729761
729779
729877
729913
729919
729931
729941
729947
729977
731113
731117
731173
731189
731219
731251
731261
731267
731359
731363
731389
731413
731567
731593
731597
731681
731719
731761
731779
731881
731911
731923
731957
731981
732157
732181
732239
732287
732299
732439
732449
732461
732497
732521
732653
732673
732731
732817
732827
732863
732877
732889
732959
732967
732971
732997
733127
733133
733157
733169
733177
733189
733241
733283
733333
733339
733351
733373
733399
733477
733489
733511
733591
733639
733697
733751
733753
733813
733823
733829
733847
733849
733871
733963
733981
734159
734177
734233
734381
734389
734411
734423
734479
734557
734627
734687
734717
734729
734743
734771
734933
734971
735139
735143
735263
735283
735311
735331
735367
735373
735389
735391
735431
735467
735473
735529
735571
735673
735697
735719
735751
735781
735829
735937
735983
736121
736187
736357
736367
736433
736441
736471
736639
736691
736699
736871
736987
737179
737183
737263
737279
737281
737287
737291
737351
737411
737413
737431
737479
737483
737497
737629
737641
737657
737683
737719
737729
737747
737753
737773
737897
737927
737981
737999
738163
738173
738197
738211
738341
738379
738383
738391
738443
738457
738469
738539
738581
738583
738589
738623
738643
738677
738713
738743
738757
738791
738797
738811
738827
738847
738877
738889
738989
739111
739117
739121
739153
739171
739217
739273
739283
739337
739351
739363
739369
739379
739397
739399
739463
739513
739553
739621
739637
739693
739699
739723
739751
739759
739847
739957
739967
741119
741163
741193
741227
741253
741341
741347
741373
741457
741467
741469
741473
741547
741569
741593
741641
741667
741679
741721
741833
741859
741883
741929
741941
742117
742151
742199
742213
742253
742289
742327
742369
742439
742457
742499
742519
742531
742537
742541
742619
742663
742673
742699
742711
742723
742759
742817
742897
742913
742949
742967
742981
742991
742993
743123
743129
743137
743159
743161
743177
743179
743263
743273
743279
743333
743377
743423
743671
743837
743851
743921
744179
744187
744221
744239
744251
744253
744283
744377
744391
744451
744493
744547
744559
744641
744659
744721
744761
744767
744817
744859
744911
744941
745117
745133
745189
745249
745337
745379
745397
745477
745517
745531
745543
745573
745673
745711
745727
745751
745837
745931
745933
745939
745981
745993
746129
746167
746171
746191
746197
746233
746243
746267
746329
746353
746371
746413
746477
746531
746533
746597
746653
746671
746677
746723
746743
746747
746749
746773
746797
746813
746869
746873
746939
747113
747161
747199
747259
747283
747319
747361
747449
747493
747497
747529
747563
747583
747587
747599
747647
747673
747731
747763
747841
747863
747869
747889
747977
747979
748169
748183
748199
748211
748271
748283
748331
748337
748339
748441
748513
748541
748597
748637
748639
748669
748717
748763
748789
748819
748831
748861
748871
748889
748921
748933
748981
749129
749137
749149
749153
749167
749183
749197
749237
749339
749393
749423
749431
749449
749461
749467
749543
749587
749711
749729
749741
749773
749893
749927
749939
749971
751123
751133
751141
751147
751189
751199
751259
751291
751297
751327
751411
751463
751523
751567
751627
751637
751643
751661
751717
751727
751759
751763
751787
751813
751823
751841
751871
751921
751957
752117
752137
752149
752177
752189
752251
752263
752273
752359
752449
752513
752569
752581
752593
752639
752683
752699
752789
752819
752821
752831
752911
753133
753187
753197
753329
753373
753383
753461
753463
753569
753677
753691
753719
753811
753839
753859
753979
753983
754121
754123
754153
754157
754181
754183
754211
754223
754249
754279
754283
754379
754399
754417
754427
754451
754483
754489
754549
754723
754739
754781
754811
754973
754981
754993
755171
755213
755239
755267
755351
755413
755437
755441
755483
755567
755569
755617
755681
755719
755737
755771
755899
755959
755977
756127
756179
756191
756199
756247
756251
756253
756289
756319
756419
756443
756533
756563
756593
756641
756667
756673
756727
756773
756799
756887
756919
756923
756961
756971
757171
757241
757243
757259
757319
757327
757331
757343
757363
757381
757429
757481
757513
757517
757577
757583
757661
757751
757753
757763
757793
757811
757829
757927
757951
758137
758159
758179
758231
758267
758273
758323
758339
758341
758357
758393
758441
758491
758521
758551
758573
758599
758711
758713
758729
758741
758743
758767
758789
758827
758851
758887
758893
758929
758971
758987
759113
759131
759193
759223
759287
759329
759359
759377
759397
759457
759463
759491
759557
759571
759581
759631
759653
759673
759691
759697
759757
759763
759799
759881
759911
759947
759953
759959
761113
761129
761183
761213
761249
761263
761297
761357
761363
761381
761417
761429
761437
761441
761443
761471
761533
761543
761561
761567
761611
761671
761689
761777
761833
761863
761927
761939
762121
762227
762233
762239
762257
762277
762367
762371
762397
762479
762491
762499
762539
762547
762563
762577
762583
762599
762647
762659
762721
762737
762761
762779
762821
762847
762893
762899
762913
762917
762973
762989
763157
763159
763267
763271
763349
763417
763423
763457
763471
763481
763493
763573
763583
763597
763613
763621
763627
763699
763771
763811
763843
763897
763913
763957
763967
763999
764131
764143
764189
764251
764273
764293
764321
764369
764459
764471
764539
764587
764593
764623
764657
764683
764689
764783
764837
764891
764893
764899
764969
764971
764977
764989
764993
765139
765143
765151
765169
765199
765211
765241
765257
765283
765293
765319
765353
765379
765439
765487
765533
765623
765659
765673
765749
765827
765847
765881
765889
765899
765913
765931
765949
765991
766111
766169
766177
766187
766247
766261
766373
766393
766399
766453
766477
766511
766757
766769
766861
766867
766873
766937
766943
766957
766967
767147
767153
767293
767339
767381
767471
767587
767597
767633
767773
767843
767857
767863
767951
768133
768167
768197
768199
768241
768259
768263
768343
768347
768359
768373
768377
768461
768541
768563
768571
768631
768641
768643
768727
768751
768773
768869
768923
768931
768979
769169
769339
769387
769459
769547
769577
769591
769661
769673
769739
769789
769919
769943
769961
771143
771181
771269
771283
771349
771359
771437
771553
771587
771691
771739
771769
771781
771889
771917
771937
771971
772139
772159
772169
772231
772273
772279
772297
772333
772379
772391
772451
772459
772477
772573
772649
772669
772691
772757
772771
772843
772847
772853
772921
772949
772963
772987
773159
773249
773287
773299
773317
773393
773417
773447
773453
773473
773533
773561
773569
773599
773657
773681
773693
773779
773821
773831
773867
773879
773897
773933
773939
774133
774289
774313
774317
774337
774377
774439
774463
774467
774491
774511
774551
774583
774667
774679
774773
774791
774797
774821
774833
774863
774919
774929
775121
775163
775343
775349
775361
775367
775393
775441
775513
775531
775573
775729
775741
775757
775823
775861
775937
775939
775963
776117
776137
776143
776159
776177
776257
776287
776389
776471
776483
776497
776513
776557
776627
776693
776753
776759
776819
776837
776983
777143
777151
777169
777187
777191
777199
777247
777251
777269
777349
777353
777383
777389
777421
777431
777433
777437
777479
777541
777551
777617
777683
777731
777743
777761
777781
777787
777839
777859
777871
777877
777979
778111
778121
778213
778313
778319
778333
778469
778537
778553
778559
778633
778693
778727
778733
778769
778777
778831
778913
779111
779131
779137
779189
779231
779239
779329
779351
779353
779377
779413
779521
779573
779579
779591
779593
779599
779617
779621
779693
779749
779791
779797
779869
779873
779981
779983
781127
781129
781163
781199
781229
781247
781271
781321
781327
781357
781367
781369
781399
781423
781433
781453
781493
781519
781531
781589
781631
781681
781733
781883
781889
781897
781961
781973
781997
782129
782137
782147
782149
782189
782219
782231
782251
782311
782371
782387
782443
782497
782539
782669
782671
782783
782839
782891
782963
783121
783143
783191
783247
783259
783283
783317
783337
783359
783361
783373
783413
783571
783599
783613
783647
783691
783737
783749
783767
783779
783781
783793
783877
784129
784249
784313
784349
784367
784373
784379
784411
784451
784471
784489
784513
784577
784687
784697
784723
784727
784753
784799
784841
784919
785119
785129
785153
785159
785167
785219
785293
785299
785321
785347
785357
785363
785461
785527
785537
785569
785573
785623
785627
785641
785671
785773
785839
785857
785947
786179
786197
786211
786241
786319
786337
786349
786491
786547
786553
786587
786673
786691
786739
786833
786881
786887
786931
786959
786971
787181
787217
787243
787331
787361
787427
787433
787439
787447
787469
787477
787529
787537
787541
787547
787649
787667
787711
787757
787783
787793
787837
787879
787883
787981
788153
788159
788189
788261
788287
788321
788351
788353
788357
788369
788377
788387
788449
788497
788521
788549
788651
788677
788761
788863
788873
788891
788933
788959
788993
788999
789137
789181
789311
789323
789331
789377
789389
789391
789491
789527
789577
789653
789671
789683
789689
789713
789731
789749
789847
789961
791159
791191
791233
791317
791321
791363
791411
791447
791473
791489
791519
791543
791569
791573
791773
791783
791849
791887
791933
791993
792119
792151
792163
792223
792263
792317
792397
792443
792461
792487
792521
792551
792559
792563
792593
792637
792643
792679
792697
792713
792731
792751
792881
792919
792941
792973
792989
793123
793159
793187
793253
793379
793453
793489
793519
793537
793553
793669
793673
793691
793733
793757
793777
793787
793843
793853
793867
793931
793967
793999
794111
794153
794161
794173
794221
794231
794327
794363
794383
794413
794449
794471
794477
794537
794557
794593
794641
794669
794741
794831
794879
794887
794993
794999
795127
795149
795211
795239
795299
795323
795329
795343
795349
795427
795449
795467
795527
795533
795647
795661
795791
795793
795797
795877
795937
795947
796139
796177
796181
796193
796217
796247
796267
796339
796387
796451
796517
796531
796567
796619
796633
796693
796699
796813
796819
796853
796889
796937
796967
797119
797353
797359
797383
797389
797417
797473
797497
797549
797579
797611
797647
797681
797743
797833
797869
797911
797917
797933
798139
798143
798151
798179
798221
798257
798319
798331
798373
798443
798461
798481
798487
798517
798527
798599
798613
798641
798647
798649
798799
798823
798887
798937
799171
799291
799313
799343
799361
799441
799471
799481
799483
799523
799573
799619
799661
799759
799789
799837
799853
799873
799891
799921
799991
911111
911159
911179
911219
911227
911233
911291
911293
911327
911371
911419
911459
911527
911549
911597
911657
911663
911671
911681
911723
911749
911777
911783
911839
911861
911873
911879
911917
911969
912227
912239
912337
912343
912349
912397
912413
912467
912469
912481
912491
912497
912511
912521
912533
912539
912649
912773
912797
912823
912839
912851
912859
912911
912941
912953
912971
912991
913151
913177
913183
913327
913331
913337
913397
913421
913433
913483
913571
913579
913589
913637
913639
913687
913723
913739
913799
913873
913889
913933
913943
913999
914117
914131
914161
914269
914279
914293
914351
914369
914371
914429
914443
914477
914513
914521
914579
914581
914629
914713
914731
914777
914791
914813
914819
914827
914843
914857
914941
914951
915157
915221
915223
915251
915253
915259
915283
915479
915539
915557
915611
915613
915631
915641
915697
915727
915757
915763
915799
915851
915869
915911
915917
915919
915949
915973
916177
916183
916187
916273
916319
916367
916441
916537
916571
916621
916679
916733
916787
916859
916871
916931
916933
916939
917117
917153
917179
917219
917227
917239
917243
917251
917353
917381
917459
917549
917591
917593
917617
917629
917641
917659
917669
917689
917737
917753
917767
917773
917783
917843
917893
917951
917971
917993
918139
918143
918149
918161
918173
918223
918257
918259
918263
918283
918329
918347
918397
918529
918581
918641
918647
918679
918733
918737
918763
918829
918857
918877
918899
918913
918943
918947
918959
919111
919129
919169
919189
919223
919231
919249
919253
919313
919337
919393
919417
919423
919447
919531
919559
919591
919613
919679
919691
919729
919759
919769
919817
919859
919871
919883
919937
919939
919949
919979
921121
921133
921149
921197
921223
921241
921257
921331
921353
921379
921463
921517
921523
921589
921611
921637
921667
921677
921733
921743
921749
921751
921761
921841
921871
921911
921959
922123
922237
922261
922283
922291
922321
922331
922333
922367
922391
922423
922457
922511
922549
922561
922619
922637
922679
922681
922729
922739
922741
922813
922853
922861
922973
922993
923129
923137
923141
923147
923171
923177
923179
923183
923249
923341
923387
923449
923453
923543
923551
923567
923591
923687
923833
923849
923851
923917
923953
923977
923987
924173
924191
924197
924241
924281
924299
924323
924383
924419
924421
924437
924463
924493
924527
924529
924551
924643
924659
924683
924697
924727
924743
924751
924757
924773
924779
924793
924811
924829
924871
924877
925117
925121
925153
925163
925193
925241
925291
925387
925391
925399
925469
925487
925517
925523
925619
925621
925649
925663
925669
925679
925721
925733
925831
925849
925891
925921
925937
925949
925961
926161
926179
926239
926251
926273
926351
926389
926461
926489
926533
926557
926561
926581
926623
926659
926671
926689
926741
926747
926767
926819
926843
926851
926899
926921
926957
926971
926977
927149
927161
927187
927191
927229
927287
927373
927397
927529
927533
927541
927557
927569
927631
927643
927649
927677
927683
927727
927763
927791
927821
927847
927863
927961
927967
928141
928153
928157
928223
928267
928313
928351
928453
928513
928559
928597
928619
928649
928651
928661
928699
928793
928817
928819
928849
928883
928913
929129
929141
929153
929161
929197
929281
929333
929389
929399
929417
929419
929431
929497
929581
929587
929627
929629
929647
929671
929743
929777
929881
929941
929953
931127
931129
931153
931267
931289
931363
931387
931421
931487
931517
931573
931577
931621
931691
931727
931739
931783
931933
931943
931949
931967
931981
932119
932131
932177
932231
932333
932341
932357
932417
932419
932431
932441
932483
932497
932521
932537
932593
932647
932677
932749
932761
932779
932783
932863
932941
932951
932963
932999
933151
933157
933173
933199
933217
933221
933269
933313
933329
933551
933553
933649
933811
933883
933923
933953
933967
933979
934117
934121
934187
934223
934229
934259
934319
934393
934463
934481
934537
934547
934567
934597
934613
934639
934669
934673
934693
934723
934753
934883
934891
934919
934939
934951
934981
935147
935257
935261
935381
935393
935413
935443
935447
935461
935513
935537
935581
935593
935621
935639
935699
935717
935719
935761
935777
935827
935899
935971
936127
936179
936197
936233
936259
936311
936319
936361
936379
936437
936469
936487
936511
936577
936619
936647
936659
936713
936769
936773
936827
936889
936911
936941
936953
937147
937171
937229
937253
937337
937421
937429
937463
937481
937511
937577
937589
937639
937663
937667
937681
937721
937777
937823
937877
937891
937919
937943
937949
937969
938251
938257
938293
938341
938351
938447
938459
938491
938537
938563
938573
938611
938831
938869
938921
938939
938947
938953
938969
938981
938983
939119
939121
939157
939167
939193
939229
939287
939347
939373
939377
939391
939431
939469
939487
939511
939611
939623
939661
939737
939793
939853
939881
939923
939971
939973
939989
939997
941167
941179
941221
941263
941329
941453
941467
941489
941537
941599
941641
941671
941683
941723
941737
941741
941747
941771
941879
941999
942163
942169
942223
942247
942317
942433
942527
942541
942577
942583
942593
942691
942727
942787
942853
942857
942889
943139
943213
943219
943249
943343
943363
943367
943471
943541
943543
943567
943699
943751
943781
943841
943843
943849
943951
944147
944149
944161
944179
944239
944257
944261
944297
944387
944389
944393
944399
944417
944453
944473
944497
944519
944527
944533
944561
944579
944711
944717
944731
944777
944887
944893
944899
944929
944969
944987
945143
945151
945179
945227
945359
945457
945479
945521
945547
945589
945731
945733
945739
945767
945811
945817
945823
945881
945887
945961
946111
946123
946163
946223
946249
946273
946331
946367
946391
946411
946453
946469
946487
946511
946573
946579
946661
946681
946769
946819
946823
946859
946861
946873
946943
946987
946993
946997
947129
947171
947239
947263
947327
947341
947351
947357
947383
947389
947411
947431
947449
947483
947561
947621
947627
947641
947647
947651
947659
947743
947753
947773
947783
947819
947833
947857
947873
947959
947963
947987
948169
948187
948253
948281
948317
948349
948443
948547
948551
948581
948721
948797
948839
948853
948877
948887
948929
948943
948947
949121
949129
949153
949171
949261
949391
949451
949453
949471
949513
949567
949589
949633
949643
949649
949691
949699
949733
949771
949789
949811
949951
949967
949973
949987
949997
951151
951193
951277
951281
951299
951331
951341
951343
951367
951373
951389
951437
951449
951553
951557
951583
951649
951659
951697
951749
951791
951829
951911
952111
952117
952129
952151
952199
952219
952247
952291
952363
952559
952573
952583
952597
952619
952649
952667
952739
952741
952829
952877
952957
952981
952997
953179
953191
953237
953243
953261
953273
953321
953399
953443
953473
953483
953521
953539
953567
953593
953621
953639
953647
953671
953699
953773
953789
953791
953851
953873
953983
954133
954157
954221
954229
954253
954257
954259
954367
954469
954491
954497
954623
954671
954713
954763
954851
954857
954871
954971
954973
955153
955217
955223
955313
955391
955441
955469
955477
955483
955511
955541
955657
955693
955777
955813
955853
955963
955967
955993
956119
956143
956269
956273
956311
956341
956399
956429
956477
956617
956699
956749
956789
956843
956861
956941
956993
957119
957133
957139
957169
957193
957241
957247
957263
957317
957337
957547
957557
957611
957643
957721
957773
957871
957877
957917
957937
957949
957953
957977
958123
958159
958163
958213
958289
958313
958327
958333
958351
958361
958439
958459
958487
958499
958519
958577
958667
958693
958819
958877
958883
958921
958957
958963
959131
959149
959159
959173
959219
959263
959339
959351
959383
959389
959449
959467
959473
959489
959533
959617
959627
959659
959677
959689
959723
959759
959879
959941
959947
959969
961141
961183
961187
961243
961319
961399
961427
961529
961547
961567
961613
961643
961657
961663
961679
961733
961747
961757
961769
961811
961861
961871
961879
961927
961973
961981
962161
962177
962413
962431
962441
962447
962459
962569
962623
962653
962737
962747
962779
962791
962837
962839
962867
962869
962993
963173
963181
963283
963379
963419
963427
963497
963559
963653
963691
963719
963731
963751
963793
963817
963871
963899
963943
963973
964151
964219
964289
964363
964423
964499
964517
964559
964583
964637
964661
964697
964721
964757
964783
964823
964861
964871
964927
964973
965113
965117
965227
965233
965249
965357
965443
965453
965467
965483
965611
965647
965659
965749
965777
965857
965927
965953
965963
965989
966113
966233
966271
966293
966323
966353
966419
966431
966527
966547
966613
966659
966751
966781
966817
966869
966871
966893
966937
967129
967319
967333
967349
967361
967363
967397
967429
967441
967529
967583
967627
967667
967753
967763
967819
967847
967859
967873
967877
967931
967951
967999
968117
968141
968197
968251
968267
968273
968311
968329
968381
968389
968423
968437
968459
968479
968519
968567
968573
968593
968647
968663
968713
968729
968879
968897
968959
969139
969179
969239
969253
969377
969431
969433
969461
969497
969559
969593
969599
969637
969667
969671
969757
969797
969877
969889
969911
969929
971149
971153
971273
971281
971339
971419
971473
971483
971491
971549
971563
971569
971591
971639
971713
971753
971767
971857
971899
971917
971959
971977
972113
972119
972121
972131
972137
972161
972197
972229
972259
972263
972337
972343
972347
972373
972493
972557
972599
972613
972637
972661
972683
972787
972793
972869
972967
972977
972991
973129
973177
973279
973333
973387
973487
973523
973547
973591
973597
973669
973727
973781
973837
973853
973891
973919
973957
974147
974159
974167
974249
974261
974269
974317
974417
974419
974459
974473
974537
974599
974713
974749
974761
974819
974821
974837
974849
974863
974927
974977
974989
975157
975187
975263
975281
975313
975343
975367
975379
975383
975427
975439
975463
975493
975497
975523
975553
975619
975671
975691
975731
975827
975857
975869
976117
976177
976187
976193
976231
976253
976369
976439
976453
976471
976483
976489
976513
976537
976553
976561
976639
976643
976699
976727
976933
976957
976991
977149
977167
977233
977243
977323
977357
977359
977411
977591
977593
977611
977671
977681
977719
977747
977761
977791
977831
977881
977897
977923
978113
978151
978179
978181
978233
978283
978337
978359
978479
978491
978511
978521
978617
978697
978713
978743
978799
978839
978871
978973
978997
979159
979189
979211
979229
979291
979313
979327
979337
979343
979369
979373
979423
979439
979457
979529
979553
979567
979757
979819
979831
979921
981137
981151
981187
981263
981319
981419
981437
981439
981493
981527
981623
981653
981683
981691
981731
981797
981823
981941
981949
981961
981979
982147
982151
982187
982213
982273
982321
982339
982351
982381
982453
982489
982493
982573
982577
982633
982687
982693
982697
982759
982769
982777
982789
982819
982931
982939
982981
983113
983123
983153
983173
983179
983189
983233
983239
983267
983317
983329
983347
983371
983429
983443
983513
983531
983581
983597
983737
983777
983813
983951
983987
984121
984241
984329
984337
984353
984367
984413
984427
984461
984587
984617
984733
984749
984859
984877
984911
984917
984959
985151
985213
985219
985279
985331
985379
985399
985447
985499
985519
985571
985613
985679
985741
985783
985979
985991
985993
986113
986143
986149
986189
986197
986213
986239
986281
986287
986411
986429
986437
986497
986533
986563
986581
986597
986767
986819
986837
986929
986933
986941
986959
986981
986989
987143
987191
987299
987313
987353
987361
987463
987473
987491
987523
987533
987541
987739
987793
987869
987911
987929
987979
987983
987991
987997
988111
988147
988213
988217
988219
988243
988271
988297
988357
988489
988583
988591
988651
988661
988681
988759
988783
988849
988877
988951
988963
989123
989321
989341
989347
989411
989423
989441
989477
989557
989579
989629
989647
989671
989687
989749
989777
989827
989831
989917
989951
989971
989977
991171
991181
991187
991223
991313
991327
991357
991427
991547
991579
991621
991633
991693
991717
991723
991751
991867
991883
991889
991931
991951
991979
992183
992249
992263
992267
992269
992317
992357
992359
992371
992393
992429
992441
992449
992539
992549
992561
992623
992689
992777
992861
992867
992923
992941
992963
993199
993211
993241
993283
993287
993319
993397
993431
993479
993493
993589
993611
993617
993763
993781
993821
993827
993887
993893
993943
993983
994183
994199
994247
994271
994297
994319
994321
994369
994417
994457
994489
994579
994657
994691
994711
994723
994813
994879
994997
995147
995219
995227
995237
995243
995273
995339
995363
995369
995431
995461
995471
995513
995531
995587
995591
995593
995611
995669
995699
995713
995833
995881
995927
995957
995987
996161
996167
996173
996187
996211
996323
996329
996487
996539
996551
996563
996631
996637
996649
996781
996841
996847
996881
996887
996967
997141
997147
997163
997219
997259
997267
997279
997327
997343
997391
997427
997453
997573
997589
997627
997663
997879
997991
998197
998281
998311
998329
998381
998411
998419
998429
998527
998537
998539
998551
998623
998633
998651
998681
998759
998819
998831
998843
998857
998897
998927
998941
998947
998957
998983
999149
999199
999217
999221
999331
999377
999431
999433
999521
999553
999611
999653
999721
999727
999769
999773
999853
999883
999959
9388
